Webots Project File version R2025a
perspectives: 000000ff00000000fd00000003000000000000000000000000fc0100000001fb0000001a0044006f00630075006d0065006e0074006100740069006f006e0000000000ffffffff0000000000000000000000010000035a0000027dfc0200000001fb0000001400540065007800740045006400690074006f007201000000150000027d0000003f00ffffff000000030000078000000148fc0100000002fb0000001a0043006f006e0073006f006c00650041006c006c0041006c006c0100000000000007800000006900fffffffb0000000e0043006f006e0073006f006c006501000000000000073f0000000000000000000004240000027d00000001000000020000000100000008fc00000000
simulationViewPerspectives: 000000ff000000010000000200000157000004f70100000002010000000100
sceneTreePerspectives: 000000ff00000001000000030000001e00000240000000fa0100000002010000000200
minimizedPerspectives: 000000ff00000000fd00000003000000000000000000000000fc0100000001fb0000001a0044006f00630075006d0065006e0074006100740069006f006e0000000000ffffffff0000000000000000000000010000012e00000263fc0200000001fb0000001400540065007800740045006400690074006f00720100000019000002630000004000ffffff000000030000078000000148fc0100000002fb0000001a0043006f006e0073006f006c00650041006c006c0041006c006c0100000000000007800000006900fffffffb0000000e0043006f006e0073006f006c006501000000000000073f0000000000000000000006500000026300000001000000020000000100000008fc00000000
maximizedDockId: -1
centralWidgetVisible: 1
orthographicViewHeight: 1
textFiles: -1
globalOptionalRendering: LidarRaysPaths::LidarPointClouds
consoles: Console:All:All
renderingDevicePerspectives: youBot:camera;1;1.00781;0;0.0017301
renderingDevicePerspectives: youBot:display;1;1;0;0
